1000, 3, 0.1 , 300, 1000000
self.timeMultiplier = 100
self.timeRandomnessMultiplier = 100
self.lag_spike_time = 100

[[1462, -7],
 [1501, 158],
 [3001, -2],
 [7074, 160],
 [12029, 165],
 [16376, 11],
 [21758, 65],
 [22328, 162],
 [31829, -23],
 [34471, 169],
 [38344, 107],
 [38451, -51],
 [42182, -48],
 [42230, 50],
 [43411, 135],
 [45227, 16],
 [45243, -79],
 [46668, 134],
 [51108, 25],
 [51133, -133],
 [54512, 64],
 [54782, 82],
 [57569, 35],
 [58575, 72],
 [63008, 54],
 [65439, 100],
 [72014, 23],
 [72037, -10],
 [75015, 168],
 [79357, 16],
 [81611, 136],
 [88344, 186],
 [95180, -60],
 [102188, 33],
 [102334, 69],
 [103028, 113],
 [105259, 22],
 [105281, -192],
 [106804, 100],
 [107930, 134],
 [111769, 35],
 [111804, -94],
 [113841, 67],
 [123496, 62],
 [125385, 12],
 [127689, 49],
 [134628, 158],
 [148862, 133],
 [149077, -45],
 [149122, 6],
 [152666, 37],
 [153095, 68],
 [153684, 94],
 [154398, 115],
 [159471, 112],
 [164298, 129],
 [165237, 83],
 [165320, -56],
 [165775, 53],
 [171615, 49],
 [173663, -88],
 [173751, 87],
 [183429, 123],
 [186489, 88],
 [188003, 1],
 [191933, 146],
 [192668, 48],
 [193083, -99],
 [194709, 14],
 [202415, 142],
 [209556, 223],
 [211090, -16],
 [212723, 191],
 [214010, -3],
 [214013, 76],
 [219671, 15],
 [223202, 104],
 [225396, 171],
 [226630, 48],
 [230189, 0],
 [233569, 65],
 [233634, -62],
 [238389, 181],
 [239596, 78],
 [249807, 2],
 [249809, -127],
 [252933, 188],
 [253121, -26],
 [255743, 57],
 [256581, 155],
 [259042, 122],
 [263251, 192],
 [270722, 106],
 [271609, 194],
 [273738, 132],
 [278770, 12],
 [278782, -126],
 [281141, 6],
 [282819, 104],
 [291037, 92],
 [292130, -58],
 [296590, 159],
 [296874, 19],
 [302131, 129],
 [313291, 131],
 [315494, -2],
 [315932, -34],
 [317735, 117],
 [323659, -72],
 [328742, 141],
 [329522, 76],
 [330274, 90],
 [331725, 77],
 [337435, -28],
 [338267, 138],
 [338405, -14],
 [338457, -20],
 [338988, -84],
 [341435, 101],
 [347478, 74],
 [348871, 141],
 [353330, 0],
 [355367, -32],
 [358847, 13],
 [361762, 147],
 [368767, 79],
 [373572, 216],
 [376989, 39],
 [377086, 94],
 [378377, 67],
 [379785, -23],
 [379808, -100],
 [380594, 70],
 [384923, -58],
 [385893, -85],
 [387489, 65],
 [388176, 29],
 [388205, -98],
 [388420, 89],
 [397978, 117],
 [401520, 77],
 [405858, 91],
 [414400, -119],
 [419010, 76],
 [419086, -65],
 [421885, 88],
 [422834, 103],
 [422937, -39],
 [434348, -153],
 [439507, -138],
 [441737, 45],
 [441782, -8],
 [441980, 137],
 [442403, -91],
 [446754, -59],
 [459792, 118],
 [461977, -88],
 [462240, -44],
 [466464, 149],
 [471055, 201],
 [473849, 132],
 [476308, 34],
 [476492, -24],
 [480662, -49],
 [480711, -82],
 [483303, 118],
 [486091, -73],
 [498927, 161],
 [499656, 88],
 [501042, 153],
 [503732, 144],
 [504865, 118],
 [505135, 121],
 [505848, -126],
 [512351, 144],
 [515133, 191],
 [522740, 119],
 [522909, 119],
 [528594, 71],
 [533884, 149],
 [534041, 72],
 [537821, -22],
 [541663, 81],
 [543727, 72],
 [544341, 38],
 [544379, -44],
 [548358, 143],
 [549728, 20],
 [549748, -1],
 [551524, 139],
 [553383, 157],
 [557889, 86],
 [561124, 15],
 [561919, 93],
 [564779, 33],
 [564812, -98],
 [566917, 10],
 [567723, -14],
 [567737, 43],
 [568840, 69],
 [570439, 39],
 [570478, -59],
 [574264, 57],
 [580625, 161],
 [587999, 136],
 [588204, 82],
 [593801, 105],
 [594808, 152],
 [595641, 12],
 [595653, -62],
 [597697, 133],
 [598907, 62],
 [603452, 134],
 [605777, -43],
 [605820, 4],
 [608935, 108],
 [615439, 78],
 [616413, 73],
 [623736, -4],
 [624427, 118],
 [627165, 14],
 [627179, -153],
 [629662, 101],
 [630852, 30],
 [631815, 52],
 [634538, -27],
 [634565, 85],
 [641420, 130],
 [645366, 8],
 [649208, 116],
 [649324, -89],
 [656392, 7],
 [663234, -20],
 [663254, -18],
 [670043, -108],
 [675877, 92],
 [675969, -31],
 [677420, -3],
 [686644, 138],
 [688501, 44],
 [690313, 168],
 [691874, 164],
 [699178, 224],
 [699987, 109],
 [702941, 106],
 [712412, 91],
 [712503, -76],
 [714032, 34],
 [720866, 177],
 [725630, -10],
 [728034, 160],
 [732888, -80],
 [736537, 36],
 [736717, 113],
 [737006, -18],
 [738543, 159],
 [740092, 94],
 [741207, -196],
 [744645, 43],
 [744688, -131],
 [753149, 23],
 [753172, -40],
 [756310, 86],
 [758428, 50],
 [758730, -70],
 [758800, 25],
 [768285, 204],
 [768462, 60],
 [768836, 93],
 [770101, 122],
 [775224, 163],
 [776508, 125],
 [778717, 20],
 [783604, 0],
 [784118, 207],
 [784559, 185],
 [788925, -125],
 [789552, -10],
 [794430, 26],
 [795399, 27],
 [795730, -119],
 [801251, 180],
 [801431, 0],
 [809383, 112],
 [813887, 58],
 [813945, -144],
 [819661, 144],
 [824819, -3],
 [827592, 47],
 [830895, 157],
 [838887, -26],
 [838913, 172],
 [842829, 148],
 [843248, 31],
 [847812, -119],
 [856263, 74],
 [858791, 3],
 [861086, -85],
 [864941, 9],
 [869854, -18],
 [873471, 38],
 [874564, 130],
 [875178, 36],
 [875214, -46],
 [875390, 47],
 [883331, -81],
 [885155, 39],
 [886384, -208],
 [886641, 198],
 [889277, 33],
 [891882, 144],
 [892609, -13],
 [893571, -18],
 [896888, 52],
 [897396, 103],
 [899003, 75],
 [901955, -19],
 [903507, 179],
 [904758, 37],
 [910285, 53],
 [911990, -16],
 [918841, 151],
 [922415, 33],
 [927202, 54],
 [929023, 163],
 [933455, 46],
 [934722, 55],
 [934979, -8],
 [935018, 93],
 [936365, -133],
 [937820, 169],
 [943487, 99],
 [945099, -120],
 [945219, 85],
 [945740, 163],
 [952249, 133],
 [957827, -25],
 [957852, 30],
 [958753, 138],
 [972253, 1],
 [972254, -31],
 [975782, -78],
 [978872, 50],
 [982645, 111],
 [987587, 90],
 [991279, 36],
 [991315, -71],
 [992397, 27],
 [994573, -56],
 [999847, -52]]