"China" scenario
800, 1, 10M, etc.

[[1086, 22],
 [7320, 8],
 [57213, 26],
 [60621, 27],
 [72254, -13],
 [95332, 1],
 [137367, -14],
 [139718, -6],
 [140059, 12],
 [164323, 7],
 [183649, 15],
 [185858, 11],
 [190404, 4],
 [262208, 31],
 [278987, -5],
 [316384, 15],
 [412074, 8],
 [442400, 8],
 [462146, 31],
 [487841, 9],
 [496412, 1],
 [509458, -8],
 [573950, 8],
 [641178, 5],
 [654665, 12],
 [655858, 22],
 [691207, -2],
 [709562, -2],
 [780163, 9],
 [821332, 25],
 [822336, -2],
 [867324, 27],
 [898011, 12],
 [911713, 27],
 [921059, 6],
 [926674, 24],
 [935321, -12],
 [972335, -15],
 [1049433, 0],
 [1060059, -1],
 [1065862, 19],
 [1115092, 0],
 [1127315, 0],
 [1127315, 25],
 [1146741, 2],
 [1155776, 3],
 [1173873, -5],
 [1205086, -3],
 [1221889, -6],
 [1257306, 4],
 [1257310, -12],
 [1277716, 6],
 [1299950, -16],
 [1382005, -12],
 [1404712, 3],
 [1412609, 6],
 [1451820, 16],
 [1506369, 13],
 [1533584, -19],
 [1550143, 13],
 [1626056, -15],
 [1658448, -21],
 [1666788, 12],
 [1699866, -4],
 [1727333, 4],
 [1756151, 18],
 [1766994, -1],
 [1786487, -2],
 [1876934, 9],
 [1911704, 1],
 [1935821, -14],
 [1941514, -3],
 [1956696, 23],
 [1960547, -1],
 [1988608, 3],
 [2014340, 16],
 [2020568, -6],
 [2020574, 7],
 [2061655, 14],
 [2062328, 31],
 [2071014, 20],
 [2234726, -12],
 [2235573, -6],
 [2243887, 11],
 [2301497, -8],
 [2320675, 20],
 [2326344, 4],
 [2339302, 17],
 [2343204, 2],
 [2357452, 26],
 [2360128, 2],
 [2419997, 7],
 [2445176, 0],
 [2466639, -6],
 [2491501, 2],
 [2491503, -1],
 [2493963, 23],
 [2580226, 4],
 [2601100, 20],
 [2613222, -21],
 [2623151, 9],
 [2637928, 1],
 [2658210, -1],
 [2681467, 5],
 [2699307, 3],
 [2707879, -9],
 [2726385, 8],
 [2728845, 13],
 [2774851, 22],
 [2806308, 14],
 [2834602, 23],
 [2883999, 18],
 [2898615, 28],
 [2919759, 3],
 [2920496, 22],
 [2997691, 3],
 [3053475, 4],
 [3055648, 5],
 [3065582, 16],
 [3111065, 6],
 [3126118, -10],
 [3131294, 25],
 [3162882, 6],
 [3173598, 30],
 [3174912, 5],
 [3205970, 2],
 [3234874, 1],
 [3246818, -11],
 [3283618, 1],
 [3342383, 5],
 [3362478, -21],
 [3410123, -3],
 [3441567, 5],
 [3456100, 1],
 [3456444, -1],
 [3469132, -20],
 [3476923, -2],
 [3508943, 30],
 [3570398, 27],
 [3575623, 5],
 [3581357, 28],
 [3610901, -8],
 [3659758, 34],
 [3706848, 7],
 [3720361, -5],
 [3745572, 24],
 [3774452, -12],
 [3804508, -13],
 [3812172, 1],
 [3812914, 2],
 [3830637, 7],
 [3842643, -18],
 [3877904, 7],
 [3886672, 3],
 [3890759, 3],
 [3911270, 17],
 [3933971, 2],
 [3978430, 13],
 [3978828, 1],
 [3998329, 27],
 [4003730, -17],
 [4029258, 0],
 [4071855, -2],
 [4095719, 5],
 [4154915, -13],
 [4173006, 13],
 [4194943, 0],
 [4219033, -19],
 [4233264, -10],
 [4244040, -19],
 [4315384, 19],
 [4327317, -5],
 [4344404, -18],
 [4380050, -9],
 [4427822, -11],
 [4429486, -11],
 [4486923, -2],
 [4506792, 26],
 [4516500, 4],
 [4528332, 5],
 [4532959, 7],
 [4546440, -14],
 [4553255, -15],
 [4598184, 9],
 [4647617, 14],
 [4679893, 11],
 [4743297, -8],
 [4782982, 4],
 [4844473, -21],
 [4852536, 3],
 [4910108, -3],
 [4914146, 2],
 [4915090, 0],
 [4927923, 11],
 [4980233, 12],
 [5042372, 2],
 [5088165, 15],
 [5123118, 3],
 [5130955, 31],
 [5132457, -9],
 [5140185, -6],
 [5142028, -7],
 [5152600, 14],
 [5176142, 3],
 [5190225, 26],
 [5202486, -17],
 [5228325, 4],
 [5260053, 3],
 [5306937, -27],
 [5372242, -8],
 [5383988, 2],
 [5391190, 6],
 [5455866, -10],
 [5466846, 1],
 [5471740, 21],
 [5490967, -8],
 [5533256, 3],
 [5542355, 8],
 [5542363, -9],
 [5568688, -2],
 [5573738, 31],
 [5574399, 0],
 [5589135, -8],
 [5604204, -9],
 [5608242, 1],
 [5625381, 18],
 [5655221, -19],
 [5713584, 11],
 [5720801, 6],
 [5769125, -13],
 [5779164, -12],
 [5840978, 14],
 [5879518, 2],
 [5885740, -15],
 [5916219, 18],
 [5963701, -9],
 [5974144, 12],
 [6083226, 7],
 [6108004, 25],
 [6194518, -4],
 [6202744, 19],
 [6217257, 1],
 [6230004, 1],
 [6260315, 25],
 [6335847, -18],
 [6369923, 7],
 [6374340, 3],
 [6509783, 1],
 [6545772, -3],
 [6650591, -9],
 [6675986, 7],
 [6695249, 4],
 [6818288, 4],
 [6847579, 27],
 [6883263, 23],
 [6886129, 24],
 [6896148, -13],
 [6953918, 2],
 [6963094, 6],
 [6991134, 4],
 [7029746, -10],
 [7051056, 13],
 [7145485, 0],
 [7149822, 2],
 [7155937, -13],
 [7162000, -5],
 [7174812, -7],
 [7223983, 7],
 [7238282, 3],
 [7291418, 3],
 [7306571, 6],
 [7343825, 26],
 [7369489, 33],
 [7396557, 19],
 [7396658, -19],
 [7406081, 2],
 [7427090, -10],
 [7429657, 0],
 [7548207, 27],
 [7563298, -8],
 [7596345, -20],
 [7611740, 9],
 [7636733, -10],
 [7645244, -4],
 [7676323, -13],
 [7743946, 0],
 [7777343, 0],
 [7795070, 5],
 [7795160, -22],
 [7847364, -10],
 [7851042, -4],
 [7861799, 31],
 [7894784, -18],
 [7933535, -2],
 [7956149, -8],
 [7981315, -18],
 [8029623, 1],
 [8077096, 6],
 [8147025, 3],
 [8169190, 28],
 [8210793, -2],
 [8228645, 17],
 [8276314, -17],
 [8298626, 7],
 [8326633, -11],
 [8331160, 14],
 [8334430, 13],
 [8357257, -11],
 [8414048, -2],
 [8417753, -5],
 [8422715, 22],
 [8445880, 1],
 [8516907, 24],
 [8528772, -19],
 [8574082, -3],
 [8582944, -21],
 [8634679, 7],
 [8636846, 0],
 [8650190, 5],
 [8685652, -16],
 [8709773, 25],
 [8774140, 2],
 [8774953, 19],
 [8853394, 21],
 [8893459, -19],
 [8900419, -3],
 [8920100, -7],
 [8947393, -10],
 [8998615, -7],
 [9016530, 7],
 [9069944, 23],
 [9112384, 0],
 [9117044, -23],
 [9146764, 6],
 [9213576, -4],
 [9260262, 4],
 [9276856, -2],
 [9342250, 8],
 [9363690, -7],
 [9384095, 16],
 [9387045, 6],
 [9457919, 3],
 [9463779, 31],
 [9509786, -13],
 [9539971, 27],
 [9546504, 26],
 [9600107, 6],
 [9611877, -11],
 [9665811, -13],
 [9666541, 26],
 [9673369, -1],
 [9724539, 3],
 [9737989, -12],
 [9760009, 20],
 [9848513, 5],
 [9856092, -9],
 [9865201, 19],
 [9874854, 9],
 [9923341, 34],
 [9938213, -18],
 [9953353, 4]]
