"China" scenario
800, 1, 10M, etc.
NO LAG SPIKES!

[[75865, 0],
 [183407, -8],
 [249035, 4],
 [357854, 3],
 [367856, 3],
 [396989, 5],
 [417312, 4],
 [439568, 0],
 [568080, -5],
 [670881, 4],
 [740920, 9],
 [758152, 10],
 [788017, 2],
 [829695, 6],
 [852974, 0],
 [1013634, 10],
 [1091756, 8],
 [1128153, 5],
 [1144211, -4],
 [1238695, 7],
 [1293133, 3],
 [1337202, 6],
 [1371167, 5],
 [1402584, 2],
 [1590930, 5],
 [1613765, 1],
 [1676461, -1],
 [1744717, 1],
 [1778413, -3],
 [1835763, -1],
 [1863587, 2],
 [1928820, 13],
 [2098640, 4],
 [2167458, -2],
 [2171191, 13],
 [2318803, 4],
 [2444397, -3],
 [2448226, 0],
 [2508463, 3],
 [2649663, -2],
 [2803167, 8],
 [2937551, -1],
 [3001765, 7],
 [3016832, 4],
 [3047779, 9],
 [3112505, 3],
 [3288355, 10],
 [3304577, -4],
 [3351075, 9],
 [3461974, 5],
 [3464343, 1],
 [3467537, 0],
 [3518221, 6],
 [3519768, -7],
 [3571230, 7],
 [3687759, 5],
 [3695466, 9],
 [3710194, 1],
 [3736323, 7],
 [3880766, 0],
 [3937379, -4],
 [4012293, 8],
 [4160029, 8],
 [4221883, 11],
 [4358525, 0],
 [4459324, 11],
 [4518229, 7],
 [4539992, 3],
 [4547707, 3],
 [4550392, 2],
 [4551147, 3],
 [4718600, 8],
 [4763107, 4],
 [4824012, 8],
 [4848173, 6],
 [4887818, -1],
 [4888227, 4],
 [5124102, 10],
 [5173856, 0],
 [5192934, 1],
 [5302508, -2],
 [5404093, 6],
 [5590755, 0],
 [5720283, 4],
 [5728075, -2],
 [5884924, -2],
 [5944507, -2],
 [5973765, 2],
 [6028555, 3],
 [6047010, 2],
 [6069511, 7],
 [6075119, 0],
 [6195354, -1],
 [6221409, 6],
 [6360303, 1],
 [6419502, 9],
 [6427986, 6],
 [6606780, 10],
 [6654651, 7],
 [6678543, 8],
 [6681374, 1],
 [6686467, -1],
 [6703164, -3],
 [6703167, -2],
 [6855807, -9],
 [6976343, 0],
 [7020865, 8],
 [7023403, -5],
 [7066531, 5],
 [7158798, 6],
 [7225844, 2],
 [7236365, 3],
 [7292753, 4],
 [7299786, -2],
 [7357216, -6],
 [7386033, 13],
 [7398001, 9],
 [7422683, -3],
 [7525623, -4],
 [7553802, 9],
 [7597320, 7],
 [7619852, 9],
 [7714417, -1],
 [7738377, -9],
 [7745520, 8],
 [7762893, 3],
 [7765403, 7],
 [7882006, 2],
 [7925110, 5],
 [8016799, 3],
 [8045573, 7],
 [8061199, 1],
 [8193369, -4],
 [8298371, 8],
 [8397268, 2],
 [8426631, 0],
 [8611585, 0],
 [8620729, -2],
 [8640431, 3],
 [8655747, 9],
 [8706747, 3],
 [8709243, -1],
 [8709244, 6],
 [8713557, 3],
 [8715359, 11],
 [8856111, -6],
 [8983081, -3],
 [9020444, 2],
 [9257903, -9],
 [9267872, 1],
 [9280877, 3],
 [9304197, 6],
 [9339296, -2],
 [9369372, -4],
 [9624350, 4],
 [9627987, -3],
 [9661263, 5],
 [9793613, 0],
 [9804505, 5]]