[[0, 2],
 [6555, -172],
 [12415, -107],
 [13369, -45],
 [13414, -41],
 [17477, -19],
 [18419, -105],
 [21879, -163],
 [24158, 33],
 [27408, 20],
 [29075, -24],
 [31469, -17],
 [34833, -15],
 [37470, -59],
 [37529, -30],
 [39585, 22],
 [41154, -155],
 [44978, -69],
 [45915, -146],
 [46061, 27],
 [46132, -148],
 [50401, -198],
 [51151, -121],
 [52302, -130],
 [56061, -145],
 [56994, 7],
 [57260, 41],
 [59309, 155]]




 [[0, -2],
 [3633, -163],
 [4128, -108],
 [4368, -195],
 [4898, 81],
 [5580, 42],
 [10673, -7],
 [10680, 17],
 [14166, 94],
 [18222, -100],
 [22706, -165],
 [23753, -31],
 [31406, 31],
 [38812, -110],
 [39165, 16],
 [39413, -61],
 [42697, -89],
 [46947, -175],
 [47314, -126],
 [49682, -118],
 [51789, -28],
 [53402, -70]]





WITH FLIPPED THINGS

[[0, -2],
 [2, 108],
 [9554, 101],
 [10176, 60],
 [13452, 103],
 [14427, 7],
 [16118, 145],
 [17771, 32],
 [19327, -13],
 [23393, 122],
 [23852, 106],
 [23958, -21],
 [25093, -41],
 [26436, 161],
 [27569, 167],
 [28391, 56],
 [32286, 116],
 [36326, 62],
 [37694, 13],
 [40236, 67],
 [48971, -34],
 [55224, -166],
 [57266, 126]]